camera_matrix:
- - 747.5375344304222
  - 0.0
  - 376.15790468902674
- - 0.0
  - 755.1314868550932
  - 440.27709958888465
- - 0.0
  - 0.0
  - 1.0
dist_coeff:
- - -0.04193387674592148
  - 0.5496214694094077
  - -0.03254947845641899
  - -0.012132470729620076
  - -1.4259322562116887
rotational_matrix:
- - - 0.4347867050444383
  - - 0.02399382813232092
  - - 1.478824291985959
- - - 0.26938366370201505
  - - 0.06273746140305463
  - - 0.02875644784266778
- - - 0.1034775097787082
  - - 0.2176134107522997
  - - -1.5731382311625008
- - - 0.2491518580036949
  - - 0.05224492239319227
  - - 0.013783894390604038
- - - 0.25826379600128113
  - - 0.0427532877757283
  - - 0.018734244846054442
- - - 0.27515092117387413
  - - 0.03325802283298484
  - - 0.054438400765179286
- - - 0.349444088251918
  - - -0.061759538437118476
  - - 1.5379853446601284
- - - 0.13699817114102794
  - - 0.23348435556368466
  - - -1.5765372233348216
- - - 0.27320386996433654
  - - 0.05393319492898145
  - - 0.029633095807328418
- - - 0.21936066303481083
  - - 0.0011902481723075375
  - - 0.06440905873243749
- - - 0.29590208088918496
  - - -0.0875227698420615
  - - 1.5496208315564872
- - - 0.34378812775619705
  - - 0.05563361125082553
  - - 0.011889546197286677
- - - 0.1051237110965598
  - - 0.37024679970053603
  - - -1.5852905328751397
- - - 0.2596440234054015
  - - 0.03197701712772184
  - - 0.030864019414207525
- - - 0.2924558753651545
  - - 0.08218705690870193
  - - -0.0002098760020017857
- - - 0.565662609578441
  - - 0.07950802155557221
  - - 1.4825549729673695
- - - 0.2613427703083941
  - - -0.005873152369859277
  - - 0.06245323066354711
- - - 0.18853481798852273
  - - -0.2144774875074163
  - - 1.5288882251085383
- - - 0.3738695779390019
  - - -0.03384434536494982
  - - 1.5257873692039137
- - - 0.2499874413019795
  - - -0.08026495131597756
  - - 0.050785985655592836
- - - 0.3462449930467676
  - - -0.2220087053342763
  - - 1.5436354227070046
- - - 0.25338859988731766
  - - 0.013679135339778697
  - - -0.019748065763556248
- - - 0.27188970014991554
  - - -0.3343100425568455
  - - 0.016596094303464273
- - - 0.15343464550958083
  - - -0.09396134791411445
  - - 1.5490080308809024
- - - 0.09983590815293078
  - - 0.21797368214810126
  - - -1.5768234984004135
- - - 0.09443406126446789
  - - 0.08845513248471192
  - - 0.009146482050011992
- - - 0.17296059707876268
  - - 0.03435869622198589
  - - -0.016853540842023177
- - - 0.32790111910631425
  - - 0.05300615046505386
  - - 0.006516824742211713
- - - 0.46303254356052825
  - - -0.012352683875158338
  - - 1.479597352868382
- - - 0.2394162732222551
  - - -0.1404443152643302
  - - 0.05597434368553152
- - - 0.19049498454458744
  - - 0.09527146493066155
  - - 0.012356708484641645
- - - 0.5600469713586562
  - - 0.07545611798404975
  - - 1.4794017325192736
- - - 0.18896009260201768
  - - 0.21721849908497165
  - - -1.5706258651140927
- - - 0.27346480675821383
  - - 0.08098107413353556
  - - 0.014499649877388322
- - - 0.2619738079650619
  - - -0.12943388497548744
  - - 1.545768940434124
- - - 0.09595331384443122
  - - 0.3134211347519235
  - - -1.5550629947718604
- - - 0.2891111126108625
  - - -0.049380304141641414
  - - 1.5280033809385218
- - - 0.20992318653859715
  - - 0.04093235886874023
  - - 0.012962629536582662
- - - 0.24687703596729477
  - - 0.38307099167203196
  - - -1.543410361270374
- - - 0.2608056743741509
  - - -0.10858849402708082
  - - 1.5216316003759687
- - - 0.18646727149165987
  - - -0.21097734952229255
  - - 1.5289967812971028
- - - 0.2530094480773209
  - - -0.2840960445433316
  - - -0.012067121023266427
- - - 0.2469244167859545
  - - -0.19922128816189116
  - - 1.5519963896166733
- - - 0.2865078574105466
  - - -0.057090161433874485
  - - 0.08086470362995783
- - - 0.21747028684968084
  - - 0.04221305112398707
  - - 0.026397847629862244
translation_matrix:
- - - 3.3920134159792297
  - - -1.5143265898305627
  - - 12.59172553450436
- - - -3.103457388329505
  - - -1.112349125991596
  - - 10.111909610708775
- - - -2.810528590397574
  - - 4.5661817940212694
  - - 13.919334649664835
- - - -2.9299822764417076
  - - -0.8855962918799527
  - - 12.291643948528705
- - - -3.2414948621507205
  - - -0.9026137148707979
  - - 11.113958842754778
- - - -2.482866336849135
  - - -1.4875513512296343
  - - 11.894680820774637
- - - 2.937874351069288
  - - -1.411771886839305
  - - 12.492125642939932
- - - -2.5581959895488198
  - - 4.6851656562258
  - - 14.33645390707047
- - - -3.082269478836466
  - - -1.072082153089301
  - - 10.025934524611754
- - - -2.6937834807116934
  - - -2.110878308851002
  - - 12.96986556810246
- - - 3.144772683006649
  - - -1.2993487983015235
  - - 12.562797995646585
- - - -2.889537480864265
  - - -1.7820057710122947
  - - 10.235539977102585
- - - -3.089362086594573
  - - 4.531740305405147
  - - 13.499897816412728
- - - -3.1222110277151742
  - - -1.010930405407589
  - - 11.111568169543691
- - - -2.6565610061306955
  - - -2.127976717111715
  - - 12.474447329159377
- - - 2.1681489375760337
  - - -2.1347003874048474
  - - 11.264318046947231
- - - -3.3621676222115235
  - - -2.380932749731295
  - - 12.523649621764413
- - - 2.7114586759126165
  - - -1.4873662507408165
  - - 12.81602855174491
- - - 3.990889611508289
  - - -1.7522624812768008
  - - 11.898074199863347
- - - -2.961127637952657
  - - -1.5506698078112242
  - - 12.319679721486706
- - - 3.515658459729673
  - - -2.8004388582370923
  - - 11.31588558784849
- - - -3.5614363012228774
  - - -1.2995361128771217
  - - 12.644977520440829
- - - -1.9517163681038643
  - - -2.5819664943131393
  - - 11.05010681242606
- - - 2.7571830234031056
  - - -1.7331754642606099
  - - 13.464086130196398
- - - -2.873986865684746
  - - 4.346778531184724
  - - 14.205965994880966
- - - -2.5825818774115867
  - - -2.0324474940126787
  - - 16.641416153326972
- - - -3.3334505290609284
  - - -1.9363735396670667
  - - 13.33047995225354
- - - -2.5000446711252247
  - - -2.8871233542474597
  - - 12.94930688221761
- - - 2.962829337898826
  - - -2.910519992861237
  - - 12.017356736166928
- - - -2.5830144932932106
  - - -1.6879536338444927
  - - 12.079090940609287
- - - -3.0277194541600174
  - - -2.4035095887617124
  - - 11.715643262847877
- - - 2.028636879572873
  - - -2.1330700352271927
  - - 11.380182728888313
- - - -3.069047063804694
  - - 4.368708193573887
  - - 14.205372238524332
- - - -2.3617985913258663
  - - -1.2470817075762946
  - - 11.920636714784843
- - - 2.8243975129872196
  - - -0.7857862814129225
  - - 12.227491475382363
- - - -3.216972546380987
  - - 3.4371436023301865
  - - 15.147465808224151
- - - 2.920646810153728
  - - -1.4307694974659992
  - - 12.68987476810102
- - - -2.9636728261803142
  - - -1.502564261348472
  - - 12.258133779110157
- - - -2.3188008676720187
  - - 2.306004885312767
  - - 14.105210950635586
- - - 4.265371394367227
  - - -2.111452899350554
  - - 12.674631773420359
- - - 2.061036210637527
  - - -1.4267326636924973
  - - 12.7598867952007
- - - -1.5996525404190935
  - - -2.4597143691146095
  - - 11.01695661157154
- - - 2.8562180282380947
  - - -0.9668078442737444
  - - 12.82326341420264
- - - -1.9705418630675575
  - - -2.4362944617006534
  - - 12.829100215659963
- - - -2.709778519050776
  - - -0.3856452089366743
  - - 12.613297082241429
