camera_matrix:
- - 747.5375344304224
  - 0.0
  - 376.1579046890268
- - 0.0
  - 755.1314868550934
  - 440.2770995888849
- - 0.0
  - 0.0
  - 1.0
dist_coeff:
- - -0.041933876745922666
  - 0.5496214694094204
  - -0.03254947845641903
  - -0.012132470729620022
  - -1.4259322562117247
rotational_matrix:
- - - 0.17296059707876282
  - - 0.0343586962219854
  - - -0.01685354084202321
- - - 0.2924558753651544
  - - 0.08218705690870194
  - - -0.000209876002001811
- - - 0.10347750977870843
  - - 0.21761341075229962
  - - -1.5731382311625008
- - - 0.09983590815293081
  - - 0.2179736821481014
  - - -1.5768234984004135
- - - 0.21936066303481092
  - - 0.0011902481723076556
  - - 0.06440905873243752
- - - 0.26080567437415075
  - - -0.10858849402708104
  - - 1.5216316003759687
- - - 0.09595331384443158
  - - 0.31342113475192357
  - - -1.5550629947718602
- - - 0.46303254356052853
  - - -0.01235268387515821
  - - 1.4795973528683817
- - - 0.26134277030839437
  - - -0.005873152369859603
  - - 0.062453230663547125
- - - 0.3738695779390013
  - - -0.033844345364950096
  - - 1.525787369203914
- - - 0.19049498454458771
  - - 0.09527146493066131
  - - 0.012356708484641708
- - - 0.15343464550958025
  - - -0.09396134791411426
  - - 1.5490080308809024
- - - 0.3279011191063144
  - - 0.053006150465053754
  - - 0.006516824742211704
- - - 0.28650785741054624
  - - -0.05709016143387457
  - - 0.0808647036299578
- - - 0.4347867050444385
  - - 0.02399382813232063
  - - 1.478824291985959
- - - 0.34944408825191875
  - - -0.06175953843711874
  - - 1.5379853446601284
- - - 0.29590208088918485
  - - -0.08752276984206102
  - - 1.5496208315564872
- - - 0.13699817114102794
  - - 0.23348435556368424
  - - -1.5765372233348214
- - - 0.24998744130198014
  - - -0.0802649513159777
  - - 0.05078598565559282
- - - 0.23941627322225545
  - - -0.1404443152643305
  - - 0.055974343685531495
- - - 0.18853481798852303
  - - -0.2144774875074169
  - - 1.5288882251085383
- - - 0.27188970014991565
  - - -0.3343100425568456
  - - 0.016596094303464284
- - - 0.18646727149165992
  - - -0.2109773495222925
  - - 1.5289967812971028
- - - 0.25338859988731804
  - - 0.01367913533977881
  - - -0.01974806576355626
- - - 0.18896009260201785
  - - 0.21721849908497137
  - - -1.5706258651140927
- - - 0.20992318653859726
  - - 0.040932358868739915
  - - 0.012962629536582643
- - - 0.28911111261086275
  - - -0.04938030414164146
  - - 1.528003380938522
- - - 0.24692441678595436
  - - -0.19922128816189152
  - - 1.5519963896166735
- - - 0.10512371109655998
  - - 0.3702467997005359
  - - -1.5852905328751397
- - - 0.34378812775619716
  - - 0.05563361125082536
  - - 0.011889546197286683
- - - 0.21747028684968073
  - - 0.04221305112398695
  - - 0.026397847629862213
- - - 0.25826379600128085
  - - 0.04275328777572816
  - - 0.018734244846054442
- - - 0.2530094480773208
  - - -0.28409604454333187
  - - -0.012067121023266413
- - - 0.2693836637020149
  - - 0.06273746140305443
  - - 0.028756447842667867
- - - 0.27320386996433665
  - - 0.05393319492898163
  - - 0.029633095807328418
- - - 0.2596440234054015
  - - 0.03197701712772139
  - - 0.030864019414207525
- - - 0.24915185800369502
  - - 0.05224492239319181
  - - 0.013783894390604035
- - - 0.26197380796506214
  - - -0.12943388497548772
  - - 1.545768940434124
- - - 0.2751509211738746
  - - 0.03325802283298456
  - - 0.05443840076517929
- - - 0.27346480675821366
  - - 0.08098107413353524
  - - 0.014499649877388379
- - - 0.560046971358656
  - - 0.07545611798404947
  - - 1.4794017325192736
- - - 0.5656626095784414
  - - 0.07950802155557199
  - - 1.4825549729673697
- - - 0.09443406126446767
  - - 0.08845513248471175
  - - 0.009146482050012032
- - - 0.2468770359672951
  - - 0.3830709916720319
  - - -1.543410361270374
- - - 0.3462449930467672
  - - -0.22200870533427697
  - - 1.5436354227070046
translation_matrix:
- - - -3.3334505290609293
  - - -1.9363735396670705
  - - 13.330479952253544
- - - -2.656561006130697
  - - -2.1279767171117188
  - - 12.474447329159384
- - - -2.8105285903975745
  - - 4.566181794021266
  - - 13.91933464966484
- - - -2.8739868656847474
  - - 4.34677853118472
  - - 14.205965994880971
- - - -2.6937834807116943
  - - -2.110878308851006
  - - 12.969865568102465
- - - 4.265371394367225
  - - -2.111452899350558
  - - 12.674631773420364
- - - -3.216972546380988
  - - 3.4371436023301816
  - - 15.147465808224155
- - - 2.962829337898825
  - - -2.9105199928612406
  - - 12.017356736166931
- - - -3.3621676222115244
  - - -2.3809327497312984
  - - 12.523649621764417
- - - 3.99088961150829
  - - -1.7522624812768048
  - - 11.898074199863357
- - - -3.027719454160018
  - - -2.403509588761716
  - - 11.71564326284788
- - - 2.757183023403105
  - - -1.733175464260614
  - - 13.464086130196408
- - - -2.5000446711252255
  - - -2.8871233542474637
  - - 12.949306882217615
- - - -1.9705418630675589
  - - -2.436294461700658
  - - 12.829100215659972
- - - 3.392013415979229
  - - -1.5143265898305664
  - - 12.591725534504365
- - - 2.937874351069287
  - - -1.4117718868393083
  - - 12.492125642939936
- - - 3.1447726830066483
  - - -1.2993487983015277
  - - 12.56279799564659
- - - -2.5581959895488215
  - - 4.685165656225797
  - - 14.336453907070478
- - - -2.961127637952658
  - - -1.5506698078112275
  - - 12.319679721486708
- - - -2.5830144932932115
  - - -1.687953633844496
  - - 12.079090940609289
- - - 2.711458675912615
  - - -1.48736625074082
  - - 12.816028551744912
- - - -1.9517163681038654
  - - -2.5819664943131433
  - - 11.050106812426066
- - - 2.061036210637526
  - - -1.4267326636925015
  - - 12.759886795200707
- - - -3.5614363012228782
  - - -1.2995361128771257
  - - 12.644977520440834
- - - -3.069047063804695
  - - 4.368708193573884
  - - 14.205372238524337
- - - -2.963672826180315
  - - -1.5025642613484755
  - - 12.25813377911016
- - - 2.9206468101537273
  - - -1.4307694974660035
  - - 12.689874768101028
- - - 2.8562180282380947
  - - -0.9668078442737484
  - - 12.823263414202646
- - - -3.0893620865945737
  - - 4.531740305405143
  - - 13.499897816412734
- - - -2.889537480864266
  - - -1.7820057710122978
  - - 10.235539977102588
- - - -2.709778519050777
  - - -0.38564520893667803
  - - 12.613297082241434
- - - -3.2414948621507214
  - - -0.9026137148708013
  - - 11.113958842754784
- - - -1.5996525404190942
  - - -2.459714369114613
  - - 11.016956611571542
- - - -3.1034573883295056
  - - -1.1123491259915994
  - - 10.111909610708778
- - - -3.082269478836467
  - - -1.072082153089304
  - - 10.025934524611758
- - - -3.1222110277151747
  - - -1.0109304054075925
  - - 11.111568169543693
- - - -2.9299822764417085
  - - -0.8855962918799563
  - - 12.291643948528709
- - - 2.8243975129872188
  - - -0.785786281412926
  - - 12.227491475382369
- - - -2.4828663368491357
  - - -1.4875513512296377
  - - 11.89468082077464
- - - -2.3617985913258672
  - - -1.2470817075762983
  - - 11.920636714784846
- - - 2.028636879572872
  - - -2.1330700352271963
  - - 11.380182728888318
- - - 2.168148937576033
  - - -2.134700387404851
  - - 11.264318046947237
- - - -2.582581877411588
  - - -2.0324474940126835
  - - 16.64141615332698
- - - -2.31880086767202
  - - 2.306004885312763
  - - 14.105210950635591
- - - 3.515658459729673
  - - -2.8004388582370967
  - - 11.315885587848499
